Techniques=CRTFakeLottes@CRTFakeLottes.fx,Cathode@Cathode.fx,ColorMAME@ColorMAME.fx,CMYK_quantizer@CMYK.fx
TechniqueSorting=CRTFakeLottes@CRTFakeLottes.fx,Cathode@Cathode.fx,ColorMAME@ColorMAME.fx,CMYK_quantizer@CMYK.fx

[Cathode.fx]
resSize=3.000000

[CMYK.fx]
addto=0.000000,0.000000,0.000000,0.000000
blackmode=2
dithdeg=1.000000,1.000000,1.000000,1.000000
dithmod=2
flipc=1
flipk=1
flipm=1
flipy=1
GreyLevel=4,10,5,3
PixelationSizeX=1
PixelationSizeY=1
trueblack=1.235000
trueblacksel=0.929000
xdithoffset=0,0,0,0
ydithoffset=0,0,0,0

[ColorMAME.fx]
BluRatios=0.000000,0.000000,1.000000
Floor=0.000000,0.000000,0.000000
GrnRatios=0.000000,1.000000,0.000000
Offset=0.000000,0.000000,0.000000
Power=1.000000,1.000000,1.000000
RedRatios=1.000000,0.000000,0.000000
Saturation=1.000000
Scale=0.950000,0.950000,0.950000

[CRTFakeLottes.fx]
crt_gamma=1.500000
maskDark=2.000000
maskLight=2.000000
monitor_gamma=1.000000
PreprocessorDefinitions=CURVATURE=0
SCANLINE_BASE_BRIGHTNESS=0.740000
SCANLINE_SINE_COMP_A=0.010000
SCANLINE_SINE_COMP_B=0.000000
shadowMask=0.000000
video_sizeX=320.091003
video_sizeY=240.005997
warpX=0.000000
warpY=0.000000

